event,sensor_id,amplitude
70,6,366
70,26,714
70,9,389
70,23,350
70,15,297
70,2,334
70,44,981
70,58,418
70,33,554
70,1,339
70,46,507
70,35,1296
70,11,427
70,20,686
70,4,338
70,41,519
70,32,369
70,27,991
70,12,432
70,48,325
70,52,692
70,60,450
70,18,600
70,21,568
70,49,393
70,37,838
70,36,1261
70,51,691
70,42,771
70,34,875
70,10,372
70,53,506
70,43,986
70,31,348
70,17,410
70,63,313
70,8,315
70,39,388
70,19,670
70,29,767
70,30,583
70,13,366
70,56,349
70,16,334
70,54,408
70,45,719
70,3,349
70,38,571
70,28,1051
70,40,336
70,47,403
70,25,509
70,50,550
70,55,364
70,57,368
70,62,351
70,61,381
70,24,350
70,5,368
70,59,375
70,14,344
70,22,384
70,7,325
70,0,278
60,49,959
60,23,316
60,28,517
60,35,720
60,19,441
60,22,357
60,40,807
60,26,655
60,36,590
60,37,473
60,27,569
60,17,468
60,58,788
60,50,1034
60,29,395
60,41,966
60,6,311
60,33,841
60,38,347
60,43,829
60,57,828
60,32,671
60,62,326
60,45,490
60,53,453
60,31,336
60,4,359
60,13,322
60,8,347
60,48,757
60,25,617
60,51,827
60,11,347
60,2,360
60,63,317
60,9,359
60,34,899
60,18,420
60,42,989
60,0,321
60,16,408
60,21,379
60,7,317
60,56,659
60,44,653
60,5,318
60,24,555
60,60,549
60,10,380
60,15,304
60,54,390
60,59,739
60,30,350
60,12,407
60,47,336
60,1,324
60,14,352
60,55,343
60,39,368
60,61,412
60,46,361
60,52,648
60,20,373
60,3,376
0,14,578
0,4,668
0,2,663
0,52,459
0,50,470
0,22,581
0,28,644
0,6,500
0,45,495
0,61,350
0,17,629
0,38,501
0,35,592
0,20,751
0,54,362
0,12,754
0,26,655
0,46,435
0,13,647
0,29,624
0,11,850
0,43,503
0,18,698
0,60,359
0,47,391
0,36,550
0,8,519
0,31,412
0,33,501
0,25,593
0,30,545
0,42,512
0,53,380
0,1,553
0,59,390
0,32,463
0,49,369
0,10,763
0,56,311
0,3,697
0,19,785
0,23,498
0,62,328
0,16,536
0,39,417
0,21,662
0,63,327
0,5,615
0,34,593
0,15,525
0,41,447
0,48,344
0,9,618
0,0,470
0,24,530
0,55,311
0,44,501
0,7,421
0,27,700
0,40,392
0,51,476
0,58,384
0,57,365
0,37,494
40,19,741
40,51,386
40,9,1029
40,30,408
40,2,838
40,0,684
40,58,351
40,1,869
40,53,358
40,41,468
40,36,475
40,52,362
40,16,769
40,22,419
40,25,762
40,39,381
40,44,422
40,43,471
40,11,784
40,4,508
40,63,318
40,17,927
40,8,797
40,13,494
40,35,532
40,31,366
40,10,949
40,33,619
40,42,543
40,21,494
40,12,629
40,20,622
40,38,385
40,32,497
40,55,319
40,27,626
40,18,899
40,6,354
40,49,408
40,28,548
40,14,385
40,3,685
40,34,602
40,40,436
40,45,383
40,37,445
40,15,357
40,24,670
40,54,358
40,61,370
40,29,484
40,57,365
40,23,333
40,26,739
40,7,312
40,62,343
40,60,340
40,48,325
40,56,309
40,47,365
40,5,413
40,46,388
40,50,358
40,59,348
50,13,868
50,2,398
50,6,674
50,29,871
50,46,509
50,28,798
50,43,456
50,42,416
50,39,568
50,7,586
50,1,350
50,4,627
50,33,362
50,53,426
50,52,452
50,23,731
50,60,340
50,12,786
50,22,888
50,14,867
50,45,533
50,31,685
50,18,501
50,20,806
50,26,488
50,15,666
50,38,691
50,62,329
50,49,324
50,34,453
50,19,691
50,10,493
50,40,359
50,5,710
50,9,391
50,58,314
50,48,342
50,51,381
50,11,578
50,37,696
50,17,396
50,59,337
50,3,530
50,27,624
50,44,519
50,21,913
50,63,335
50,30,813
50,35,568
50,24,351
50,25,387
50,50,370
50,16,382
50,56,285
50,8,318
50,61,388
50,47,457
50,36,636
50,57,348
50,0,336
50,41,355
50,55,337
50,54,412
50,32,350
10,53,367
10,46,371
10,23,476
10,27,419
10,11,866
10,28,535
10,14,974
10,21,916
10,26,376
10,12,1351
10,22,701
10,8,347
10,35,393
10,20,853
10,19,601
10,45,362
10,3,878
10,0,304
10,5,1460
10,15,694
10,60,375
10,33,384
10,4,1440
10,6,989
10,39,347
10,32,364
10,59,333
10,37,403
10,38,395
10,55,343
10,44,402
10,62,370
10,13,1465
10,42,408
10,36,344
10,1,322
10,18,449
10,9,337
10,63,321
10,48,335
10,50,349
10,54,347
10,24,366
10,31,378
10,34,364
10,16,326
10,29,546
10,2,504
10,10,529
10,61,336
10,25,392
10,7,663
10,52,394
10,47,342
10,56,277
10,57,323
10,43,382
10,30,473
10,40,350
10,17,345
10,51,350
10,41,350
10,58,354
10,49,340
30,41,452
30,26,497
30,58,439
30,31,586
30,2,356
30,50,501
30,32,445
30,9,394
30,12,520
30,34,518
30,10,449
30,18,491
30,13,525
30,29,645
30,39,639
30,51,557
30,37,749
30,61,578
30,36,678
30,5,444
30,6,441
30,7,386
30,54,732
30,63,536
30,38,700
30,53,669
30,24,380
30,35,603
30,27,562
30,59,491
30,19,522
30,28,569
30,46,780
30,57,383
30,1,366
30,52,658
30,42,515
30,62,577
30,45,745
30,4,428
30,47,637
30,40,379
30,22,577
30,33,476
30,17,446
30,44,647
30,20,580
30,56,307
30,49,443
30,21,661
30,3,412
30,14,524
30,55,586
30,0,334
30,43,625
30,25,449
30,30,658
30,8,366
30,60,519
30,23,499
30,48,377
30,15,489
30,11,501
30,16,373
20,25,605
20,47,389
20,11,489
20,56,623
20,45,481
20,42,732
20,10,470
20,33,676
20,24,540
20,46,445
20,27,556
20,3,405
20,0,395
20,52,611
20,22,394
20,14,383
20,28,542
20,58,637
20,12,441
20,7,310
20,19,520
20,43,632
20,17,527
20,26,578
20,9,462
20,50,749
20,34,683
20,48,710
20,37,478
20,49,722
20,60,497
20,51,663
20,62,397
20,16,479
20,40,705
20,32,603
20,36,560
20,21,464
20,35,623
20,1,377
20,44,593
20,53,557
20,2,427
20,8,444
20,31,374
20,29,511
20,59,602
20,39,385
20,61,457
20,57,686
20,54,391
20,18,554
20,4,417
20,30,455
20,6,345
20,20,504
20,41,795
20,23,368
20,13,437
20,63,341
20,15,302
20,55,369
20,5,346
20,38,485
71,58,347
71,5,473
71,29,830
71,3,555
71,39,357
71,45,529
71,14,558
71,28,1045
71,18,732
71,36,894
71,31,426
71,13,659
71,20,999
71,15,360
71,55,315
71,43,592
71,1,345
71,9,467
71,16,348
71,6,389
71,35,837
71,62,322
71,7,327
71,11,713
71,44,592
71,49,372
71,27,988
71,38,538
71,23,414
71,47,345
71,41,413
71,10,603
71,4,522
71,30,576
71,34,677
71,53,406
71,51,405
71,12,731
71,19,944
71,46,383
71,52,414
71,59,351
71,26,759
71,40,323
71,32,340
71,22,576
71,24,361
71,21,829
71,50,396
71,37,711
71,61,380
71,2,429
71,17,548
71,25,509
71,48,362
71,42,527
71,0,340
71,60,350
71,56,301
71,33,487
71,54,350
71,63,297
71,8,349
71,57,328
61,36,490
61,0,621
61,56,317
61,3,692
61,44,465
61,43,483
61,27,672
61,59,332
61,25,711
61,18,853
61,9,897
61,34,620
61,33,563
61,55,329
61,24,636
61,54,362
61,28,574
61,14,412
61,7,308
61,31,406
61,47,333
61,8,826
61,1,782
61,30,392
61,40,407
61,19,769
61,22,454
61,38,363
61,17,848
61,42,483
61,11,889
61,16,709
61,60,354
61,20,628
61,35,574
61,12,599
61,2,814
61,50,389
61,26,709
61,45,373
61,10,1031
61,37,445
61,49,389
61,5,496
61,52,362
61,46,344
61,6,353
61,61,352
61,57,348
61,13,502
61,58,353
61,4,589
61,51,376
61,53,375
61,62,351
61,39,363
61,48,333
61,63,302
61,15,371
61,23,372
61,41,485
61,32,504
61,21,518
61,29,502
1,28,618
1,21,333
1,34,1142
1,35,804
1,25,1091
1,27,805
1,7,326
1,32,859
1,49,606
1,42,907
1,59,403
1,55,329
1,43,687
1,6,371
1,20,516
1,39,332
1,5,318
1,33,1147
1,16,616
1,17,790
1,18,702
1,29,416
1,40,699
1,54,352
1,14,358
1,57,454
1,8,435
1,10,534
1,50,639
1,2,356
1,15,317
1,38,390
1,24,766
1,53,330
1,19,647
1,41,1012
1,44,547
1,61,356
1,63,314
1,26,971
1,9,497
1,37,428
1,0,309
1,3,360
1,48,497
1,23,317
1,51,526
1,36,569
1,52,425
1,1,367
1,58,424
1,13,333
1,11,468
1,22,347
1,56,380
1,60,334
1,62,360
1,30,351
1,12,433
1,47,325
1,4,321
1,31,333
1,45,397
1,46,372
41,13,488
41,61,411
41,1,552
41,29,527
41,32,632
41,20,600
41,33,660
41,26,705
41,24,647
41,30,478
41,27,693
41,48,454
41,2,566
41,41,611
41,21,524
41,42,592
41,51,547
41,25,704
41,50,530
41,46,416
41,34,628
41,4,482
41,10,689
41,43,555
41,12,533
41,28,561
41,16,661
41,31,405
41,9,691
41,49,541
41,56,414
41,15,349
41,36,543
41,0,510
41,6,418
41,62,378
41,23,379
41,35,635
41,58,464
41,14,444
41,60,431
41,18,741
41,57,452
41,19,685
41,52,469
41,17,726
41,54,420
41,63,332
41,11,628
41,5,458
41,59,473
41,7,344
41,3,481
41,40,504
41,39,394
41,45,469
41,44,521
41,22,427
41,37,498
41,8,583
41,47,362
41,53,440
41,55,338
41,38,431
11,27,549
11,51,458
11,31,804
11,35,508
11,61,496
11,12,559
11,42,413
11,15,567
11,32,390
11,40,342
11,16,364
11,29,841
11,38,859
11,19,523
11,24,379
11,5,509
11,25,431
11,30,910
11,7,503
11,59,398
11,28,690
11,6,534
11,52,530
11,53,571
11,46,671
11,55,489
11,36,665
11,45,661
11,54,548
11,49,377
11,56,299
11,58,376
11,1,329
11,39,757
11,23,747
11,44,603
11,21,721
11,37,754
11,26,440
11,43,486
11,62,445
11,63,406
11,13,644
11,4,444
11,11,492
11,22,792
11,48,317
11,34,463
11,8,348
11,60,445
11,33,432
11,9,364
11,3,410
11,17,357
11,14,659
11,2,354
11,10,420
11,47,636
11,50,418
11,20,630
11,18,429
11,41,393
11,0,347
11,57,357
51,35,576
51,53,412
51,20,735
51,62,337
51,4,734
51,51,393
51,26,611
51,27,602
51,33,504
51,61,356
51,7,501
51,19,689
51,22,635
51,5,641
51,10,659
51,9,595
51,55,327
51,13,699
51,8,460
51,11,776
51,2,579
51,57,333
51,39,435
51,45,530
51,21,671
51,42,466
51,59,373
51,63,319
51,3,680
51,38,498
51,30,548
51,24,440
51,52,455
51,48,340
51,6,514
51,36,548
51,37,542
51,28,643
51,29,583
51,16,516
51,58,370
51,43,534
51,18,687
51,0,431
51,50,417
51,44,499
51,40,392
51,1,510
51,25,576
51,15,497
51,31,436
51,23,476
51,56,329
51,54,415
51,32,405
51,12,746
51,34,534
51,46,452
51,49,409
51,14,564
51,41,449
51,60,410
51,17,522
51,47,404
21,40,489
21,5,503
21,22,503
21,29,570
21,27,693
21,52,492
21,1,571
21,26,692
21,4,553
21,49,463
21,50,458
21,11,679
21,30,482
21,63,296
21,10,705
21,20,672
21,36,555
21,59,424
21,9,714
21,37,512
21,33,593
21,12,577
21,18,760
21,47,366
21,35,588
21,8,605
21,51,479
21,14,522
21,54,407
21,57,391
21,45,471
21,44,551
21,61,418
21,25,665
21,32,529
21,60,432
21,42,582
21,17,725
21,41,532
21,24,537
21,16,656
21,53,419
21,31,419
21,28,602
21,48,385
21,2,611
21,13,513
21,19,622
21,62,347
21,55,407
21,43,531
21,3,567
21,15,444
21,56,376
21,21,527
21,0,469
21,23,415
21,38,473
21,6,438
21,39,408
21,58,430
21,46,420
21,7,342
21,34,610
31,59,1356
31,9,378
31,30,386
31,49,403
31,43,708
31,15,350
31,20,377
31,3,369
31,32,341
31,5,363
31,33,398
31,60,1731
31,34,400
31,62,713
31,42,513
31,52,1401
31,55,380
31,6,354
31,4,337
31,40,371
31,51,1144
31,26,397
31,1,367
31,28,399
31,7,355
31,10,388
31,29,387
31,54,646
31,53,1133
31,48,343
31,58,722
31,19,395
31,22,380
31,38,406
31,24,375
31,13,345
31,36,431
31,14,386
31,50,735
31,23,354
31,17,387
31,45,629
31,31,371
31,21,388
31,61,1216
31,44,770
31,35,418
31,0,314
31,2,379
31,56,345
31,18,369
31,47,400
31,41,354
31,12,394
31,27,383
31,63,396
31,37,370
31,39,375
31,25,382
31,57,376
31,46,458
31,11,376
31,8,319
31,16,336
72,20,607
72,10,520
72,15,415
72,38,606
72,6,382
72,58,489
72,34,633
72,53,582
72,44,769
72,45,675
72,39,513
72,54,581
72,12,531
72,55,421
72,11,545
72,62,465
72,27,667
72,32,471
72,9,453
72,57,367
72,3,480
72,35,752
72,42,631
72,18,565
72,23,468
72,0,338
72,60,546
72,37,741
72,52,677
72,40,430
72,7,351
72,28,724
72,29,702
72,16,388
72,36,779
72,41,528
72,46,584
72,19,589
72,33,522
72,49,471
72,43,683
72,22,526
72,47,518
72,26,613
72,30,568
72,24,442
72,48,401
72,61,493
72,25,524
72,56,305
72,59,508
72,51,588
72,1,367
72,50,549
72,13,480
72,5,441
72,63,380
72,21,602
72,31,508
72,17,491
72,14,439
72,2,427
72,8,374
72,4,447
62,6,511
62,37,554
62,54,379
62,24,510
62,18,672
62,14,632
62,16,526
62,17,606
62,35,564
62,26,610
62,25,603
62,48,328
62,11,771
62,34,509
62,50,411
62,33,503
62,23,491
62,49,428
62,43,522
62,62,352
62,3,690
62,21,648
62,5,610
62,22,624
62,41,446
62,30,570
62,13,684
62,12,759
62,29,587
62,32,428
62,56,353
62,28,642
62,4,650
62,19,717
62,9,594
62,20,784
62,1,539
62,45,470
62,7,426
62,38,513
62,58,365
62,40,406
62,8,536
62,52,449
62,42,471
62,36,595
62,27,644
62,2,613
62,10,714
62,59,409
62,15,487
62,51,437
62,63,325
62,31,471
62,57,357
62,60,429
62,55,344
62,0,428
62,61,335
62,39,395
62,53,435
62,46,433
62,44,518
62,47,362
2,33,460
2,62,390
2,21,725
2,59,410
2,5,628
2,42,518
2,37,621
2,29,686
2,23,592
2,51,480
2,30,628
2,45,560
2,39,528
2,49,432
2,28,627
2,9,498
2,36,589
2,50,456
2,13,726
2,35,576
2,4,593
2,44,558
2,43,544
2,20,706
2,15,538
2,58,385
2,38,600
2,55,425
2,11,602
2,61,430
2,10,551
2,41,459
2,7,514
2,8,437
2,34,527
2,60,434
2,27,595
2,19,658
2,22,669
2,24,471
2,1,461
2,3,507
2,54,448
2,12,634
2,47,451
2,25,512
2,40,384
2,46,499
2,6,557
2,16,471
2,52,499
2,17,512
2,31,592
2,63,360
2,56,314
2,2,452
2,14,667
2,0,361
2,53,470
2,26,530
2,18,556
2,57,416
2,32,452
2,48,354
42,36,567
42,45,501
42,32,476
42,30,587
42,6,498
42,10,651
42,31,473
42,1,509
42,9,601
42,21,663
42,5,600
42,13,647
42,59,387
42,50,413
42,18,731
42,25,588
42,27,657
42,16,503
42,23,498
42,20,720
42,49,434
42,8,485
42,11,732
42,41,478
42,12,747
42,44,560
42,28,654
42,22,573
42,51,491
42,24,516
42,3,624
42,34,557
42,40,415
42,53,487
42,46,423
42,15,472
42,39,422
42,48,363
42,29,608
42,19,702
42,60,382
42,58,415
42,47,411
42,57,370
42,17,615
42,38,480
42,33,541
42,35,617
42,54,435
42,43,506
42,0,480
42,14,550
42,26,612
42,2,576
42,37,517
42,4,635
42,63,301
42,61,418
42,7,431
42,42,513
42,62,381
42,52,473
42,56,330
42,55,344
22,41,600
22,26,656
22,25,567
22,33,580
22,60,482
22,47,439
22,37,641
22,36,717
22,30,548
22,28,673
22,38,569
22,57,423
22,3,490
22,45,604
22,27,685
22,34,654
22,61,461
22,14,462
22,35,683
22,52,602
22,4,473
22,42,616
22,56,413
22,9,510
22,63,342
22,20,609
22,31,458
22,29,603
22,43,644
22,39,493
22,54,526
22,6,411
22,18,619
22,12,530
22,10,533
22,8,432
22,11,556
22,50,590
22,55,420
22,40,471
22,51,593
22,13,489
22,44,643
22,53,565
22,7,358
22,16,501
22,49,513
22,46,534
22,32,504
22,17,549
22,2,480
22,5,458
22,0,332
22,59,501
22,58,486
22,1,436
22,62,410
22,21,574
22,19,665
22,23,415
22,22,551
22,48,450
22,15,380
22,24,496
52,21,384
52,43,701
52,29,399
52,17,548
52,6,338
52,59,382
52,41,1412
52,48,736
52,25,1003
52,53,364
52,51,559
52,16,478
52,54,348
52,28,428
52,1,373
52,32,1160
52,40,1130
52,23,327
52,63,321
52,52,365
52,10,403
52,24,754
52,33,1503
52,42,1172
52,31,368
52,3,345
52,0,301
52,49,909
52,58,502
52,18,524
52,7,288
52,35,742
52,50,766
52,34,1264
52,8,331
52,11,366
52,61,341
52,15,296
52,55,324
52,57,563
52,9,371
52,38,368
52,22,361
52,5,296
52,39,337
52,13,384
52,27,617
52,14,339
52,62,330
52,26,856
52,20,387
52,19,398
52,36,440
52,46,344
52,47,322
52,56,430
52,44,447
52,60,365
52,2,355
52,4,329
52,12,356
52,30,349
52,45,392
52,37,349
12,32,588
12,22,426
12,12,417
12,36,625
12,53,516
12,49,769
12,2,387
12,63,342
12,40,688
12,60,582
12,38,451
12,10,474
12,7,299
12,48,673
12,14,363
12,15,351
12,3,377
12,11,404
12,41,768
12,56,602
12,28,520
12,17,460
12,23,407
12,29,438
12,39,352
12,19,438
12,13,391
12,5,403
12,45,532
12,25,535
12,44,696
12,47,381
12,30,417
12,57,710
12,51,759
12,52,671
12,58,796
12,16,396
12,9,376
12,46,414
12,20,433
12,37,539
12,8,360
12,42,778
12,43,749
12,33,641
12,26,547
12,55,375
12,27,535
12,54,458
12,59,662
12,34,660
12,35,670
12,4,386
12,21,438
12,61,422
12,6,350
12,1,353
12,50,847
12,24,435
12,18,472
12,62,403
12,0,326
12,31,364
32,21,645
32,60,390
32,11,717
32,3,687
32,57,371
32,16,543
32,27,659
32,8,558
32,41,484
32,9,634
32,63,313
32,19,724
32,49,415
32,30,514
32,38,478
32,0,487
32,53,432
32,26,637
32,13,600
32,6,474
32,48,349
32,47,367
32,25,596
32,34,541
32,52,434
32,55,342
32,7,407
32,39,428
32,31,476
32,18,722
32,10,708
32,62,345
32,54,386
32,14,537
32,36,563
32,43,510
32,44,479
32,42,528
32,46,476
32,56,309
32,35,579
32,4,619
32,12,715
32,15,441
32,59,399
32,23,464
32,32,439
32,50,438
32,17,635
32,40,411
32,61,367
32,22,574
32,2,672
32,45,441
32,1,591
32,58,419
32,5,534
32,29,577
32,51,474
32,20,717
32,28,685
32,37,495
32,24,560
32,33,511
73,29,1150
73,14,678
73,15,575
73,57,312
73,22,1143
73,12,437
73,33,353
73,8,338
73,13,590
73,25,367
73,55,393
73,28,747
73,36,635
73,51,414
73,7,388
73,46,783
73,45,648
73,20,621
73,2,373
73,0,330
73,1,310
73,58,338
73,38,1200
73,61,362
73,43,367
73,31,1257
73,47,677
73,30,1485
73,53,407
73,4,364
73,23,992
73,44,504
73,18,356
73,24,346
73,19,421
73,37,962
73,34,376
73,17,363
73,62,368
73,39,997
73,16,370
73,26,357
73,42,353
73,11,376
73,54,417
73,63,333
73,60,376
73,6,418
73,9,345
73,52,357
73,32,339
73,27,450
73,21,910
73,48,358
73,56,301
73,59,324
73,50,372
73,5,425
73,3,353
73,35,421
73,40,309
73,41,347
73,49,338
73,10,323
63,10,603
63,35,663
63,23,399
63,34,673
63,14,430
63,27,696
63,30,485
63,25,697
63,60,456
63,40,573
63,47,349
63,59,469
63,12,503
63,48,493
63,33,690
63,43,642
63,58,477
63,18,688
63,62,375
63,3,507
63,32,591
63,28,581
63,41,689
63,24,619
63,39,400
63,22,452
63,51,542
63,36,599
63,29,509
63,42,662
63,53,471
63,0,434
63,31,427
63,21,534
63,54,450
63,37,514
63,46,455
63,17,610
63,49,583
63,56,413
63,26,716
63,8,510
63,61,438
63,55,402
63,44,539
63,4,463
63,6,376
63,7,340
63,20,559
63,9,570
63,13,461
63,38,470
63,16,528
63,57,482
63,50,575
63,45,491
63,5,410
63,19,635
63,52,497
63,15,335
63,63,322
63,1,486
63,11,549
63,2,547
3,45,457
3,35,504
3,20,674
3,31,609
3,43,484
3,6,753
3,41,406
3,8,383
3,30,702
3,22,791
3,48,381
3,14,766
3,59,370
3,29,647
3,0,349
3,17,436
3,42,470
3,62,365
3,9,441
3,23,688
3,26,511
3,12,686
3,61,386
3,11,593
3,55,389
3,60,383
3,32,345
3,52,453
3,44,492
3,34,463
3,7,632
3,10,500
3,33,419
3,47,435
3,49,383
3,46,485
3,4,621
3,28,624
3,36,538
3,50,401
3,39,537
3,54,409
3,21,784
3,51,418
3,3,518
3,40,356
3,15,728
3,56,342
3,1,381
3,38,600
3,19,596
3,57,353
3,18,518
3,13,754
3,58,329
3,27,568
3,25,452
3,53,451
3,24,355
3,2,448
3,5,705
3,16,357
3,37,563
3,63,330
23,52,370
23,34,1531
23,13,350
23,37,412
23,35,1273
23,30,366
23,33,1065
23,26,1456
23,27,1224
23,22,347
23,14,385
23,39,312
23,8,365
23,1,351
23,6,314
23,53,362
23,60,327
23,17,648
23,61,350
23,19,775
23,18,925
23,57,324
23,40,474
23,63,335
23,44,502
23,29,429
23,43,798
23,36,734
23,16,473
23,25,975
23,28,765
23,20,541
23,24,582
23,42,963
23,49,424
23,32,586
23,51,467
23,11,466
23,5,345
23,58,381
23,7,309
23,41,650
23,10,479
23,47,330
23,23,374
23,12,368
23,45,351
23,2,367
23,56,333
23,31,354
23,15,287
23,54,338
23,38,367
23,21,345
23,9,403
23,4,321
23,46,376
23,0,360
23,62,318
23,59,335
23,55,313
23,50,478
23,48,348
23,3,336
43,61,447
43,23,368
43,58,773
43,40,683
43,38,483
43,26,613
43,34,643
43,59,659
43,5,355
43,14,388
43,53,491
43,37,504
43,12,399
43,51,695
43,35,611
43,27,556
43,15,356
43,56,658
43,32,623
43,8,392
43,2,379
43,55,370
43,25,538
43,57,752
43,45,526
43,43,683
43,41,806
43,24,541
43,44,575
43,22,389
43,60,520
43,0,328
43,3,374
43,48,721
43,11,418
43,19,475
43,50,784
43,17,484
43,36,518
43,49,813
43,28,519
43,21,420
43,52,529
43,54,389
43,18,491
43,63,331
43,39,366
43,16,445
43,10,426
43,46,451
43,33,682
43,42,792
43,31,338
43,13,384
43,1,352
43,7,336
43,30,409
43,47,380
43,6,369
43,62,359
43,20,424
43,9,383
43,29,404
43,4,363
13,55,484
13,10,348
13,49,371
13,60,363
13,29,1106
13,2,344
13,50,373
13,22,826
13,13,607
13,30,1062
13,54,600
13,11,382
13,18,404
13,38,1135
13,24,334
13,8,310
13,45,813
13,12,507
13,37,1099
13,52,482
13,21,756
13,28,779
13,44,671
13,15,506
13,16,328
13,14,583
13,26,391
13,32,347
13,47,704
13,34,415
13,63,344
13,4,367
13,31,879
13,0,302
13,57,313
13,62,423
13,56,290
13,27,602
13,59,349
13,5,372
13,17,360
13,40,332
13,46,866
13,7,372
13,53,588
13,35,557
13,61,401
13,58,315
13,20,625
13,23,702
13,19,467
13,36,772
13,39,851
13,42,410
13,3,345
13,6,426
13,33,368
13,25,366
13,9,324
13,48,338
13,43,547
13,51,395
13,41,357
13,1,327
53,38,509
53,10,666
53,28,638
53,5,573
53,26,644
53,61,364
53,4,578
53,29,587
53,33,527
53,21,623
53,23,475
53,63,319
53,55,386
53,20,627
53,1,520
53,12,625
53,15,484
53,44,572
53,57,413
53,49,457
53,8,526
53,25,581
53,52,476
53,30,574
53,42,534
53,48,362
53,32,465
53,45,504
53,46,461
53,9,559
53,27,659
53,35,629
53,58,386
53,14,506
53,56,345
53,19,687
53,13,624
53,51,451
53,22,560
53,17,592
53,41,485
53,31,454
53,40,378
53,3,672
53,6,518
53,2,616
53,62,393
53,60,380
53,34,625
53,54,379
53,53,470
53,11,662
53,59,434
53,18,659
53,47,423
53,37,533
53,36,579
53,24,535
53,7,443
53,16,510
53,43,544
53,50,428
53,39,432
53,0,496
33,31,402
33,55,343
33,52,445
33,20,641
33,43,496
33,0,527
33,12,692
33,11,745
33,38,467
33,1,663
33,2,627
33,27,672
33,56,296
33,37,466
33,19,744
33,36,581
33,33,558
33,47,352
33,61,388
33,6,421
33,28,601
33,17,729
33,24,569
33,57,371
33,23,421
33,51,446
33,4,578
33,41,530
33,63,319
33,21,556
33,16,574
33,45,454
33,62,331
33,5,466
33,30,449
33,40,424
33,22,447
33,50,462
33,18,786
33,13,549
33,29,522
33,34,602
33,8,688
33,53,460
33,26,676
33,3,628
33,39,400
33,58,387
33,25,694
33,32,459
33,35,578
33,42,521
33,14,469
33,10,767
33,49,476
33,9,762
33,44,489
33,46,467
33,15,386
33,59,382
33,7,363
33,54,386
33,48,411
33,60,400
74,16,417
74,20,470
74,19,472
74,30,393
74,54,462
74,26,553
74,38,435
74,22,389
74,43,683
74,49,855
74,10,479
74,56,683
74,24,549
74,52,584
74,27,525
74,48,779
74,21,435
74,29,492
74,34,617
74,41,856
74,35,595
74,51,745
74,60,519
74,33,680
74,18,513
74,32,617
74,53,442
74,4,362
74,28,506
74,44,578
74,57,791
74,12,415
74,50,854
74,63,320
74,59,631
74,61,455
74,25,525
74,23,376
74,46,433
74,42,793
74,39,378
74,0,333
74,14,373
74,62,380
74,11,420
74,40,697
74,6,333
74,47,383
74,7,306
74,36,580
74,5,383
74,15,345
74,3,424
74,17,483
74,55,358
74,58,784
74,31,364
74,9,426
74,45,515
74,8,336
74,1,327
74,37,505
74,2,375
74,13,392
64,21,503
64,39,404
64,9,623
64,62,369
64,24,601
64,32,640
64,0,527
64,59,449
64,50,548
64,15,384
64,49,581
64,14,445
64,22,429
64,40,498
64,35,607
64,42,571
64,47,365
64,3,531
64,25,715
64,1,570
64,30,441
64,34,668
64,13,481
64,45,473
64,53,412
64,18,712
64,63,342
64,61,415
64,19,649
64,60,423
64,54,403
64,37,479
64,31,398
64,4,486
64,56,386
64,5,448
64,58,444
64,33,646
64,52,494
64,57,440
64,8,578
64,41,598
64,12,541
64,6,386
64,16,583
64,10,656
64,36,602
64,17,717
64,23,412
64,44,506
64,11,634
64,38,470
64,20,571
64,2,595
64,28,567
64,48,461
64,46,435
64,51,525
64,27,678
64,29,529
64,26,675
64,7,354
64,43,542
64,55,342
4,35,769
4,22,436
4,6,320
4,54,462
4,18,571
4,38,482
4,3,409
4,30,473
4,40,568
4,17,534
4,27,676
4,59,604
4,29,523
4,42,832
4,16,446
4,41,737
4,57,560
4,11,509
4,36,657
4,32,578
4,4,373
4,62,370
4,33,704
4,52,644
4,58,567
4,19,548
4,25,638
4,24,556
4,9,459
4,13,385
4,53,558
4,10,470
4,21,501
4,31,346
4,47,372
4,12,435
4,20,542
4,51,762
4,48,600
4,26,693
4,0,336
4,28,618
4,39,365
4,56,484
4,2,395
4,5,366
4,37,562
4,45,613
4,60,532
4,44,706
4,50,723
4,23,334
4,34,837
4,46,496
4,14,354
4,49,670
4,7,329
4,43,742
4,61,441
4,55,386
4,8,392
4,15,356
4,1,344
4,63,306
24,47,501
24,61,1854
24,13,378
24,21,385
24,50,417
24,8,325
24,46,752
24,14,374
24,54,1178
24,11,398
24,51,738
24,26,352
24,53,1573
24,52,1313
24,18,362
24,37,444
24,44,771
24,34,370
24,1,320
24,33,359
24,22,360
24,63,767
24,59,781
24,35,413
24,29,409
24,5,344
24,25,353
24,45,859
24,0,287
24,12,338
24,60,1451
24,62,1285
24,30,350
24,31,376
24,56,340
24,42,398
24,9,338
24,48,332
24,24,348
24,7,306
24,32,317
24,23,330
24,36,442
24,38,439
24,58,364
24,57,305
24,49,357
24,15,324
24,39,397
24,43,470
24,3,356
24,2,340
24,27,356
24,55,795
24,19,328
24,4,329
24,10,356
24,20,375
24,6,345
24,41,372
24,17,355
24,28,411
24,16,360
24,40,342
14,3,441
14,20,630
14,41,476
14,49,406
14,29,684
14,10,483
14,42,501
14,61,537
14,33,478
14,58,439
14,5,500
14,23,553
14,46,711
14,51,542
14,53,595
14,62,482
14,14,524
14,16,369
14,37,733
14,27,561
14,22,635
14,52,623
14,21,620
14,8,341
14,48,349
14,57,401
14,18,493
14,13,548
14,0,328
14,25,452
14,63,462
14,4,470
14,47,575
14,30,685
14,56,343
14,36,689
14,2,403
14,9,427
14,1,375
14,19,554
14,32,365
14,34,513
14,39,592
14,26,515
14,6,457
14,45,680
14,28,645
14,35,570
14,60,547
14,54,587
14,43,607
14,24,388
14,44,601
14,59,498
14,40,406
14,7,456
14,31,602
14,38,712
14,17,429
14,12,562
14,15,502
14,50,444
14,11,472
14,55,514
44,22,505
44,57,372
44,10,756
44,18,673
44,11,680
44,7,415
44,36,597
44,44,469
44,53,433
44,17,722
44,40,403
44,43,501
44,25,655
44,33,602
44,8,548
44,54,401
44,14,494
44,28,603
44,29,579
44,9,647
44,58,400
44,2,703
44,4,599
44,51,473
44,61,394
44,35,588
44,52,418
44,39,395
44,59,394
44,26,692
44,34,623
44,13,549
44,3,679
44,20,650
44,62,379
44,45,451
44,32,489
44,21,592
44,1,680
44,23,445
44,38,434
44,30,472
44,19,693
44,37,516
44,46,425
44,60,398
44,16,594
44,63,340
44,41,495
44,48,326
44,12,642
44,6,468
44,49,418
44,55,358
44,27,662
44,31,403
44,50,415
44,47,350
44,24,497
44,5,533
44,42,539
44,15,395
44,0,578
44,56,346
54,25,553
54,26,601
54,42,474
54,21,702
54,46,520
54,2,529
54,45,490
54,56,308
54,59,412
54,4,635
54,44,540
54,38,573
54,11,659
54,17,527
54,40,395
54,50,425
54,20,655
54,35,585
54,39,497
54,55,386
54,53,447
54,48,367
54,43,544
54,8,459
54,14,614
54,12,637
54,27,600
54,23,531
54,60,413
54,10,575
54,3,635
54,52,466
54,41,470
54,15,511
54,13,651
54,7,484
54,19,653
54,54,467
54,34,554
54,63,328
54,1,473
54,37,634
54,57,359
54,6,564
54,33,533
54,29,629
54,31,518
54,28,672
54,5,624
54,51,458
54,9,533
54,36,657
54,61,370
54,30,582
54,47,445
54,22,595
54,16,456
54,62,375
54,49,402
54,58,387
54,24,463
54,32,439
54,0,434
54,18,597
34,50,372
34,60,636
34,6,377
34,63,1436
34,34,376
34,17,388
34,18,381
34,42,413
34,10,354
34,62,1508
34,54,1408
34,32,380
34,19,409
34,53,1040
34,55,1364
34,44,545
34,33,392
34,45,695
34,49,391
34,2,332
34,11,411
34,30,440
34,61,1015
34,16,353
34,13,376
34,21,416
34,5,354
34,0,340
34,46,948
34,27,400
34,47,923
34,7,340
34,26,373
34,3,384
34,28,410
34,14,360
34,8,349
34,41,390
34,43,393
34,25,380
34,58,338
34,51,437
34,20,403
34,9,382
34,35,397
34,40,321
34,23,318
34,24,353
34,59,426
34,37,502
34,38,566
34,39,566
34,56,281
34,15,301
34,48,346
34,22,369
34,29,388
34,12,359
34,1,353
34,36,423
34,31,370
34,57,321
34,4,365
34,52,626
75,6,352
75,12,378
75,33,1103
75,51,522
75,19,555
75,29,393
75,48,619
75,37,402
75,24,914
75,30,380
75,17,673
75,45,396
75,28,482
75,20,434
75,11,441
75,10,514
75,40,849
75,18,615
75,34,865
75,44,512
75,56,486
75,36,553
75,39,356
75,32,960
75,46,369
75,54,350
75,55,331
75,14,373
75,9,521
75,61,316
75,41,946
75,2,375
75,57,548
75,26,799
75,31,347
75,62,310
75,13,362
75,0,343
75,38,346
75,7,340
75,42,810
75,47,362
75,43,601
75,52,421
75,16,671
75,4,358
75,59,417
75,53,386
75,27,621
75,60,420
75,1,414
75,5,337
75,58,493
75,49,731
75,50,669
75,35,639
75,15,364
75,21,387
75,63,321
75,8,490
75,25,948
75,22,380
75,23,390
75,3,384
65,13,400
65,24,930
65,44,393
65,41,599
65,18,919
65,39,359
65,11,566
65,17,1099
65,33,794
65,16,1086
65,38,379
65,27,590
65,12,466
65,42,546
65,61,337
65,35,505
65,15,359
65,3,483
65,31,351
65,53,396
65,8,870
65,14,358
65,22,374
65,59,370
65,9,1006
65,7,317
65,25,1028
65,37,411
65,29,411
65,62,337
65,48,384
65,30,391
65,51,368
65,19,644
65,47,336
65,26,827
65,10,779
65,60,364
65,32,712
65,20,541
65,57,358
65,5,341
65,28,486
65,52,366
65,58,355
65,23,372
65,21,389
65,2,647
65,34,676
65,49,439
65,40,527
65,36,428
65,50,416
65,6,370
65,55,310
65,56,322
65,43,449
65,45,361
65,4,393
65,1,726
65,54,375
65,63,306
65,0,707
65,46,407
5,39,353
5,59,1498
5,51,1264
5,28,395
5,20,362
5,62,392
5,2,354
5,7,337
5,23,342
5,58,1340
5,25,368
5,43,817
5,61,592
5,46,388
5,56,557
5,50,1207
5,44,726
5,26,390
5,1,355
5,45,559
5,52,1013
5,9,405
5,32,357
5,24,359
5,57,811
5,4,376
5,48,555
5,19,396
5,13,371
5,21,386
5,8,330
5,34,527
5,53,680
5,42,818
5,60,941
5,12,393
5,30,428
5,49,873
5,6,338
5,40,481
5,31,342
5,37,432
5,22,382
5,16,346
5,54,425
5,10,398
5,33,485
5,14,372
5,17,401
5,11,391
5,35,568
5,36,463
5,29,363
5,27,372
5,41,622
5,3,358
5,18,348
5,5,399
5,0,332
5,47,350
5,38,368
5,55,327
5,63,343
5,15,350
25,3,603
25,56,314
25,21,686
25,37,585
25,47,419
25,32,442
25,22,668
25,54,437
25,51,494
25,40,386
25,30,619
25,2,568
25,60,473
25,48,372
25,4,606
25,41,452
25,28,610
25,59,391
25,17,541
25,13,657
25,5,638
25,31,534
25,26,579
25,11,746
25,20,750
25,29,635
25,33,486
25,57,331
25,10,582
25,44,520
25,1,440
25,38,537
25,12,750
25,34,573
25,36,573
25,24,465
25,18,678
25,53,463
25,46,517
25,42,505
25,9,555
25,6,564
25,27,617
25,35,545
25,62,375
25,19,692
25,8,459
25,63,317
25,14,634
25,25,508
25,52,464
25,58,389
25,23,502
25,15,525
25,7,487
25,16,511
25,55,362
25,45,516
25,50,433
25,39,446
25,49,398
25,0,420
25,43,485
25,61,387
15,10,373
15,54,1505
15,61,850
15,47,1309
15,6,337
15,53,1103
15,62,1116
15,63,1002
15,55,1371
15,44,635
15,46,1477
15,2,376
15,24,344
15,38,948
15,27,377
15,15,324
15,5,320
15,52,615
15,26,369
15,21,405
15,42,376
15,56,302
15,23,349
15,25,373
15,48,328
15,3,342
15,60,532
15,30,614
15,37,715
15,58,333
15,41,362
15,50,348
15,17,362
15,35,383
15,13,372
15,34,365
15,29,470
15,45,1030
15,1,354
15,20,391
15,43,399
15,57,320
15,11,370
15,59,351
15,32,337
15,19,375
15,28,375
15,49,344
15,22,364
15,8,312
15,39,834
15,31,521
15,9,357
15,36,533
15,7,331
15,16,334
15,0,329
15,51,422
15,18,387
15,12,378
15,14,369
15,33,356
15,4,327
15,40,339
45,57,1084
45,44,402
45,3,337
45,41,1476
45,43,482
45,49,1474
45,48,1701
45,50,851
45,27,406
45,37,413
45,11,373
45,42,887
45,18,379
45,51,452
45,55,318
45,30,356
45,21,398
45,40,1686
45,52,366
45,35,395
45,33,907
45,23,365
45,1,345
45,61,325
45,22,375
45,24,539
45,38,350
45,39,322
45,10,325
45,19,390
45,29,361
45,28,382
45,32,1009
45,36,401
45,0,307
45,25,509
45,34,573
45,58,597
45,15,343
45,16,353
45,8,304
45,5,340
45,62,348
45,2,334
45,56,1154
45,31,329
45,4,350
45,59,400
45,7,327
45,20,378
45,45,387
45,60,344
45,14,359
45,9,302
45,12,348
45,26,406
45,63,285
45,54,388
45,6,337
45,17,365
45,13,358
45,47,323
45,53,357
45,46,371
55,17,590
55,27,608
55,47,386
55,3,473
55,8,524
55,30,426
55,33,679
55,63,350
55,13,460
55,44,574
55,21,492
55,39,384
55,15,368
55,50,585
55,20,576
55,26,726
55,58,527
55,34,707
55,42,678
55,11,557
55,37,555
55,56,469
55,35,684
55,55,394
55,36,619
55,57,449
55,46,407
55,31,359
55,32,666
55,52,522
55,10,605
55,5,379
55,7,347
55,2,446
55,23,420
55,62,357
55,28,636
55,53,436
55,38,411
55,60,429
55,25,689
55,0,405
55,24,597
55,54,393
55,49,565
55,61,403
55,51,568
55,12,513
55,45,523
55,59,508
55,14,413
55,9,549
55,6,352
55,18,643
55,22,449
55,16,551
55,48,524
55,19,601
55,1,493
55,29,517
55,40,640
55,41,600
55,4,452
55,43,649
35,26,495
35,36,516
35,11,583
35,3,526
35,2,437
35,20,706
35,5,764
35,6,838
35,10,487
35,1,379
35,19,570
35,12,701
35,18,495
35,17,443
35,37,562
35,21,813
35,56,332
35,60,372
35,44,466
35,25,405
35,23,779
35,45,455
35,42,459
35,30,669
35,0,324
35,39,500
35,55,355
35,4,627
35,24,341
35,63,363
35,14,943
35,53,412
35,8,318
35,41,375
35,13,855
35,33,401
35,40,352
35,28,586
35,22,857
35,16,386
35,7,741
35,48,324
35,59,419
35,32,364
35,31,605
35,52,399
35,46,419
35,34,422
35,57,353
35,38,522
35,47,399
35,15,806
35,29,707
35,54,395
35,9,419
35,50,391
35,49,374
35,62,347
35,35,486
35,51,425
35,58,369
35,43,420
35,27,529
35,61,368
76,46,442
76,7,850
76,51,389
76,39,589
76,13,897
76,20,693
76,45,464
76,40,367
76,23,947
76,48,349
76,62,336
76,5,709
76,22,1053
76,11,515
76,47,442
76,60,374
76,42,414
76,53,388
76,19,586
76,12,676
76,18,381
76,41,353
76,15,1057
76,16,344
76,29,750
76,56,356
76,34,388
76,38,617
76,31,743
76,6,893
76,44,396
76,32,350
76,26,411
76,63,331
76,30,813
76,8,323
76,36,457
76,28,570
76,58,355
76,54,330
76,59,375
76,3,477
76,4,558
76,43,447
76,9,347
76,52,405
76,1,343
76,35,391
76,37,568
76,14,1138
76,57,325
76,21,888
76,55,324
76,50,385
76,10,373
76,33,401
76,27,496
76,0,333
76,49,378
76,61,338
76,2,341
76,17,366
76,24,364
76,25,369
66,21,608
66,11,476
66,36,669
66,20,576
66,33,471
66,54,654
66,13,596
66,43,555
66,50,470
66,25,447
66,0,341
66,15,460
66,53,620
66,19,492
66,37,755
66,46,695
66,27,558
66,58,429
66,17,418
66,48,358
66,16,371
66,62,510
66,31,534
66,24,365
66,45,619
66,40,370
66,26,551
66,32,389
66,8,360
66,35,630
66,23,521
66,42,548
66,39,649
66,30,602
66,61,530
66,5,454
66,34,541
66,28,598
66,57,360
66,22,594
66,44,643
66,10,456
66,47,708
66,29,680
66,49,421
66,63,490
66,9,382
66,3,465
66,38,718
66,6,467
66,60,483
66,56,323
66,18,502
66,12,514
66,4,444
66,1,376
66,52,586
66,55,579
66,41,436
66,14,576
66,59,499
66,2,391
66,51,513
66,7,374
6,60,419
6,51,506
6,41,517
6,30,603
6,19,713
6,22,575
6,21,676
6,17,612
6,23,522
6,63,365
6,36,582
6,4,578
6,7,447
6,0,451
6,9,594
6,35,622
6,2,545
6,62,379
6,37,575
6,12,667
6,28,646
6,26,646
6,8,501
6,49,460
6,10,608
6,20,688
6,39,470
6,47,412
6,57,353
6,44,565
6,52,505
6,1,454
6,6,522
6,27,650
6,32,457
6,43,552
6,16,595
6,5,571
6,53,455
6,11,635
6,3,588
6,18,671
6,50,463
6,25,571
6,24,486
6,59,412
6,38,539
6,15,516
6,40,385
6,33,583
6,55,391
6,34,598
6,54,440
6,58,438
6,13,627
6,48,412
6,42,517
6,14,614
6,46,497
6,29,621
6,31,485
6,61,409
6,45,484
6,56,321
26,28,737
26,16,463
26,30,595
26,57,337
26,4,809
26,33,474
26,26,605
26,2,616
26,48,330
26,39,382
26,11,903
26,9,583
26,19,853
26,13,784
26,49,380
26,17,541
26,24,421
26,59,338
26,10,719
26,3,726
26,60,364
26,14,588
26,20,833
26,45,454
26,63,283
26,52,406
26,34,509
26,35,604
26,38,496
26,27,701
26,1,485
26,0,421
26,36,547
26,29,679
26,31,442
26,5,654
26,21,723
26,53,407
26,46,414
26,42,475
26,18,714
26,25,508
26,54,362
26,37,574
26,58,373
26,50,375
26,44,464
26,22,622
26,7,435
26,51,402
26,55,340
26,61,323
26,12,923
26,41,341
26,32,343
26,40,323
26,43,517
26,56,324
26,23,528
26,47,336
26,15,464
26,6,519
26,62,312
26,8,459
46,24,537
46,21,600
46,3,710
46,18,1146
46,58,317
46,19,1103
46,62,299
46,35,656
46,16,630
46,22,432
46,7,314
46,37,420
46,23,320
46,56,314
46,4,570
46,27,884
46,60,340
46,38,374
46,43,519
46,52,360
46,2,801
46,33,544
46,20,810
46,12,774
46,14,360
46,49,382
46,1,643
46,55,329
46,41,417
46,31,359
46,10,1007
46,28,747
46,53,335
46,46,403
46,30,388
46,47,349
46,50,395
46,13,565
46,45,391
46,51,373
46,61,355
46,32,396
46,42,451
46,17,789
46,29,513
46,11,1000
46,34,641
46,6,317
46,26,889
46,40,330
46,15,344
46,36,567
46,63,288
46,39,339
46,57,360
46,8,602
46,5,483
46,48,378
46,59,351
46,25,699
46,44,402
46,0,463
46,9,791
46,54,372
16,33,514
16,8,1682
16,22,356
16,3,447
16,10,856
16,26,608
16,19,526
16,17,1452
16,2,720
16,43,353
16,31,323
16,25,941
16,18,818
16,9,1479
16,12,381
16,44,399
16,5,332
16,4,363
16,1,1128
16,24,907
16,49,306
16,20,388
16,7,313
16,37,376
16,38,382
16,16,1563
16,32,521
16,30,357
16,54,339
16,15,304
16,27,455
16,13,376
16,53,365
16,40,340
16,58,330
16,34,423
16,36,387
16,6,285
16,21,392
16,47,338
16,46,343
16,62,349
16,29,403
16,0,1143
16,52,345
16,55,319
16,51,351
16,63,304
16,11,538
16,61,338
16,45,348
16,23,329
16,57,326
16,59,353
16,35,372
16,48,321
16,41,381
16,28,380
16,14,348
16,42,363
16,50,351
16,56,344
16,39,345
16,60,358
56,6,605
56,55,438
56,36,586
56,20,651
56,19,618
56,31,550
56,32,433
56,28,662
56,18,572
56,27,597
56,22,696
56,26,536
56,42,494
56,37,595
56,50,440
56,54,458
56,23,574
56,7,580
56,13,644
56,3,539
56,30,585
56,39,493
56,33,472
56,5,623
56,17,544
56,52,476
56,61,401
56,11,578
56,0,403
56,59,402
56,44,551
56,47,497
56,43,563
56,14,671
56,57,392
56,15,557
56,9,456
56,12,672
56,40,358
56,10,537
56,25,510
56,29,692
56,38,580
56,53,471
56,46,483
56,34,529
56,58,400
56,1,465
56,4,627
56,62,421
56,45,562
56,60,399
56,21,691
56,63,323
56,51,493
56,35,575
56,24,399
56,8,397
56,2,441
56,49,394
56,48,372
56,56,301
56,16,401
56,41,442
36,5,489
36,37,495
36,26,692
36,43,519
36,45,518
36,54,410
36,9,691
36,32,524
36,22,478
36,10,719
36,24,590
36,61,360
36,63,309
36,13,595
36,29,556
36,51,463
36,58,441
36,21,534
36,30,489
36,12,593
36,16,608
36,62,341
36,60,418
36,47,369
36,14,467
36,50,441
36,0,533
36,52,425
36,11,700
36,46,446
36,18,730
36,49,461
36,17,727
36,19,711
36,33,558
36,6,437
36,35,526
36,34,575
36,8,581
36,42,533
36,44,524
36,59,413
36,56,372
36,3,680
36,28,619
36,7,405
36,4,550
36,36,600
36,41,485
36,2,641
36,20,628
36,39,403
36,25,602
36,23,439
36,57,358
36,38,501
36,27,676
36,15,426
36,55,297
36,48,386
36,1,657
36,53,450
36,31,399
36,40,456
77,14,390
77,22,436
77,12,563
77,44,443
77,62,348
77,55,326
77,48,357
77,43,477
77,58,347
77,53,411
77,25,671
77,11,661
77,49,373
77,5,460
77,17,793
77,32,530
77,4,479
77,34,576
77,50,426
77,41,498
77,8,804
77,1,730
77,16,744
77,51,408
77,2,759
77,38,432
77,26,698
77,46,386
77,31,376
77,33,562
77,37,432
77,10,813
77,27,571
77,35,540
77,29,453
77,9,908
77,42,472
77,0,656
77,47,381
77,36,487
77,30,439
77,24,655
77,18,796
77,45,418
77,19,703
77,40,409
77,20,562
77,61,399
77,21,489
77,3,569
77,63,323
77,52,434
77,56,341
77,28,526
77,7,335
77,54,385
77,13,483
77,39,363
77,23,395
77,59,361
77,6,358
77,15,365
77,60,390
77,57,352
7,41,1084
7,42,811
7,10,450
7,1,387
7,20,407
7,0,304
7,59,429
7,32,1067
7,26,718
7,50,679
7,12,383
7,35,605
7,39,380
7,48,813
7,16,599
7,57,625
7,56,599
7,19,481
7,11,392
7,45,385
7,29,418
7,40,926
7,8,406
7,27,561
7,17,675
7,44,453
7,58,530
7,54,380
7,24,836
7,60,354
7,9,472
7,28,444
7,49,848
7,6,353
7,43,540
7,18,562
7,33,1092
7,25,887
7,61,356
7,34,875
7,23,378
7,53,352
7,31,331
7,15,336
7,38,408
7,5,378
7,62,359
7,51,572
7,52,440
7,47,363
7,30,382
7,36,484
7,2,362
7,3,356
7,46,394
7,13,369
7,22,398
7,14,363
7,37,391
7,4,351
7,7,319
7,63,302
7,55,335
7,21,373
67,50,934
67,41,378
67,60,1547
67,34,393
67,48,375
67,61,939
67,59,1652
67,5,327
67,44,764
67,56,338
67,51,1515
67,29,409
67,7,340
67,0,345
67,17,383
67,43,737
67,31,371
67,52,1398
67,53,836
67,22,356
67,49,439
67,47,355
67,25,355
67,63,348
67,36,391
67,3,386
67,6,346
67,1,357
67,2,339
67,42,506
67,13,373
67,38,388
67,20,395
67,15,315
67,27,404
67,33,357
67,46,374
67,10,387
67,32,348
67,26,385
67,4,388
67,18,360
67,58,1028
67,14,337
67,24,378
67,21,373
67,57,521
67,19,408
67,12,392
67,54,418
67,11,378
67,8,351
67,28,420
67,45,475
67,30,381
67,55,347
67,37,385
67,9,392
67,39,351
67,35,379
67,16,388
67,62,455
67,40,329
67,23,348
47,44,1019
47,33,449
47,25,413
47,59,356
47,28,1351
47,1,323
47,45,799
47,36,1617
47,18,511
47,4,320
47,13,370
47,14,362
47,52,568
47,35,1420
47,50,398
47,27,1221
47,2,360
47,30,538
47,29,893
47,56,351
47,34,789
47,5,338
47,51,499
47,11,411
47,38,556
47,60,375
47,12,401
47,58,317
47,37,988
47,46,478
47,8,324
47,24,385
47,54,352
47,55,319
47,10,354
47,6,359
47,42,622
47,22,408
47,20,774
47,17,387
47,7,311
47,41,380
47,49,340
47,43,891
47,15,335
47,0,293
47,21,610
47,26,672
47,9,390
47,19,676
47,31,377
47,32,363
47,40,355
47,53,467
47,16,362
47,61,350
47,48,333
47,23,365
47,47,366
47,39,331
47,57,354
47,3,338
47,63,354
47,62,322
27,44,536
27,6,681
27,7,605
27,41,411
27,25,446
27,46,522
27,39,535
27,15,698
27,19,597
27,55,387
27,14,792
27,12,709
27,47,466
27,56,321
27,13,791
27,58,344
27,2,467
27,24,382
27,4,592
27,27,587
27,34,488
27,36,573
27,62,391
27,20,683
27,28,730
27,51,434
27,30,702
27,29,718
27,31,616
27,11,612
27,52,469
27,32,410
27,18,528
27,22,754
27,10,503
27,43,486
27,60,383
27,33,447
27,37,622
27,3,555
27,53,469
27,26,493
27,49,392
27,16,383
27,57,329
27,21,805
27,1,413
27,38,650
27,42,421
27,23,717
27,17,454
27,5,683
27,59,350
27,61,368
27,63,350
27,45,609
27,48,315
27,54,453
27,9,428
27,35,540
27,8,384
27,50,438
27,40,342
27,0,350
17,43,550
17,36,584
17,26,688
17,49,407
17,28,689
17,7,337
17,56,321
17,9,747
17,44,550
17,1,622
17,58,396
17,46,418
17,35,627
17,27,717
17,17,674
17,8,552
17,61,335
17,40,404
17,16,579
17,21,628
17,18,803
17,57,366
17,24,572
17,41,511
17,23,405
17,62,325
17,38,463
17,30,531
17,0,467
17,59,365
17,50,450
17,31,419
17,29,569
17,11,800
17,6,458
17,34,548
17,39,399
17,42,564
17,32,513
17,10,753
17,55,344
17,63,302
17,20,705
17,19,851
17,60,389
17,48,421
17,12,717
17,25,645
17,37,518
17,22,488
17,3,653
17,15,388
17,51,445
17,5,569
17,2,652
17,14,466
17,33,553
17,47,372
17,52,451
17,54,377
17,13,578
17,53,390
17,45,496
17,4,586
57,1,337
57,46,370
57,39,370
57,50,964
57,49,1317
57,52,474
57,8,343
57,38,348
57,19,396
57,48,1317
57,3,384
57,27,409
57,43,586
57,22,391
57,47,372
57,24,442
57,33,769
57,57,1212
57,29,381
57,40,1037
57,17,370
57,58,836
57,56,1203
57,44,419
57,9,371
57,32,689
57,4,335
57,21,384
57,51,682
57,59,526
57,11,382
57,61,315
57,0,339
57,31,336
57,35,520
57,60,405
57,36,397
57,26,517
57,55,360
57,42,804
57,16,342
57,5,362
57,63,340
57,45,388
57,10,363
57,54,363
57,25,490
57,18,384
57,53,345
57,37,427
57,2,360
57,20,384
57,15,368
57,6,334
57,62,339
57,13,380
57,14,385
57,23,354
57,28,401
57,7,305
57,12,382
57,41,1088
57,34,628
57,30,379
37,44,453
37,46,513
37,60,362
37,30,655
37,25,404
37,21,700
37,0,346
37,51,417
37,4,647
37,12,669
37,43,454
37,58,380
37,20,703
37,49,388
37,7,638
37,6,624
37,42,415
37,33,397
37,53,461
37,35,555
37,16,366
37,57,333
37,10,523
37,56,343
37,17,425
37,14,769
37,8,347
37,5,623
37,50,371
37,28,650
37,61,373
37,45,523
37,31,656
37,38,607
37,48,365
37,11,575
37,15,666
37,24,402
37,9,449
37,55,388
37,1,402
37,62,382
37,19,620
37,18,520
37,37,634
37,13,678
37,32,371
37,29,633
37,36,601
37,39,530
37,27,589
37,2,484
37,41,395
37,3,561
37,34,469
37,22,722
37,52,406
37,54,468
37,26,514
37,23,665
37,47,496
37,40,369
37,63,355
37,59,375
78,53,707
78,52,419
78,46,1411
78,35,387
78,47,2125
78,39,1111
78,54,1466
78,24,348
78,22,337
78,45,633
78,21,378
78,34,367
78,55,1933
78,19,361
78,40,369
78,36,408
78,25,369
78,10,373
78,0,337
78,2,392
78,62,955
78,51,384
78,1,359
78,37,499
78,61,534
78,57,309
78,5,310
78,4,359
78,3,340
78,26,373
78,42,363
78,14,334
78,12,346
78,59,369
78,43,393
78,63,1105
78,23,350
78,48,355
78,20,393
78,9,375
78,6,311
78,27,391
78,28,360
78,8,332
78,41,336
78,17,338
78,16,343
78,11,353
78,38,941
78,7,297
78,15,296
78,49,372
78,60,386
78,31,471
78,44,402
78,50,348
78,30,410
78,33,371
78,29,412
78,13,324
78,32,349
78,56,308
78,18,382
78,58,338
8,30,469
8,55,348
8,24,552
8,63,305
8,34,718
8,60,460
8,25,629
8,33,756
8,29,497
8,12,487
8,9,470
8,17,534
8,44,544
8,38,459
8,59,567
8,35,710
8,50,734
8,7,346
8,1,403
8,51,621
8,27,595
8,36,567
8,28,534
8,32,617
8,11,489
8,0,398
8,53,461
8,52,561
8,56,562
8,39,381
8,23,414
8,40,724
8,15,364
8,43,661
8,54,439
8,5,382
8,57,584
8,49,674
8,58,655
8,4,381
8,46,444
8,45,566
8,6,342
8,22,390
8,21,499
8,16,533
8,18,568
8,10,482
8,37,510
8,19,542
8,20,490
8,13,400
8,8,418
8,62,366
8,31,395
8,47,347
8,42,770
8,26,651
8,61,444
8,48,637
8,14,386
8,41,786
8,2,443
8,3,374
48,23,583
48,14,662
48,19,730
48,35,589
48,20,773
48,22,712
48,49,383
48,44,533
48,21,809
48,10,601
48,25,499
48,40,392
48,37,639
48,16,431
48,27,702
48,0,322
48,32,403
48,61,373
48,12,755
48,51,466
48,38,577
48,59,409
48,24,432
48,5,654
48,18,574
48,53,453
48,52,485
48,2,449
48,8,418
48,36,622
48,1,449
48,34,549
48,56,301
48,43,507
48,15,572
48,11,653
48,54,422
48,28,763
48,29,743
48,33,469
48,42,487
48,6,565
48,48,325
48,3,554
48,13,740
48,63,336
48,46,510
48,39,500
48,4,580
48,60,424
48,62,354
48,58,362
48,31,571
48,17,513
48,41,406
48,45,534
48,50,450
48,55,420
48,7,480
48,30,651
48,26,536
48,9,484
48,57,378
48,47,425
68,23,390
68,22,510
68,19,742
68,40,426
68,61,395
68,8,573
68,34,589
68,17,699
68,59,386
68,5,519
68,11,675
68,25,610
68,45,447
68,56,343
68,29,542
68,36,575
68,33,572
68,4,587
68,58,396
68,13,546
68,2,676
68,6,440
68,32,501
68,20,604
68,41,503
68,39,407
68,24,584
68,15,422
68,51,417
68,62,398
68,42,519
68,7,388
68,16,568
68,27,689
68,52,426
68,9,672
68,31,401
68,43,539
68,35,617
68,18,784
68,53,405
68,26,672
68,1,633
68,63,335
68,12,599
68,48,351
68,57,383
68,21,546
68,55,363
68,28,598
68,3,627
68,47,332
68,38,451
68,37,462
68,49,435
68,10,754
68,44,507
68,50,417
68,0,528
68,54,398
68,14,483
68,30,451
68,46,410
68,60,416
28,23,505
28,4,579
28,59,376
28,51,494
28,15,533
28,30,577
28,40,426
28,9,547
28,14,619
28,62,392
28,46,482
28,48,383
28,0,433
28,36,587
28,38,531
28,63,359
28,18,630
28,6,565
28,31,512
28,7,459
28,10,625
28,49,422
28,54,416
28,8,484
28,22,666
28,26,603
28,3,588
28,42,482
28,19,721
28,41,474
28,33,503
28,17,578
28,29,624
28,25,537
28,5,620
28,35,569
28,47,426
28,57,354
28,44,542
28,43,529
28,13,650
28,1,485
28,20,659
28,37,584
28,28,631
28,55,379
28,45,515
28,32,449
28,21,717
28,61,410
28,2,594
28,34,610
28,16,486
28,52,492
28,27,621
28,39,445
28,50,437
28,53,456
28,60,426
28,58,349
28,11,661
28,12,724
28,24,442
28,56,313
18,25,406
18,38,666
18,30,561
18,12,426
18,43,506
18,31,512
18,11,420
18,10,396
18,1,363
18,53,846
18,47,792
18,27,425
18,61,814
18,63,808
18,24,399
18,60,643
18,2,400
18,62,941
18,9,378
18,0,337
18,20,416
18,5,373
18,28,497
18,46,854
18,52,623
18,35,456
18,44,599
18,48,311
18,32,364
18,54,1001
18,40,368
18,45,819
18,51,538
18,56,339
18,42,413
18,29,490
18,3,401
18,55,933
18,49,407
18,50,433
18,16,380
18,17,401
18,4,395
18,39,627
18,8,336
18,18,456
18,7,350
18,37,671
18,21,405
18,15,359
18,14,427
18,22,415
18,23,372
18,58,335
18,33,371
18,34,417
18,36,565
18,41,402
18,13,415
18,59,508
18,6,366
18,57,352
18,26,480
18,19,420
58,43,550
58,19,649
58,42,495
58,53,538
58,6,526
58,3,526
58,7,446
58,51,507
58,14,606
58,41,478
58,22,648
58,10,579
58,61,476
58,34,596
58,54,491
58,32,433
58,30,603
58,33,511
58,45,571
58,2,501
58,55,417
58,29,662
58,11,623
58,63,374
58,27,651
58,21,728
58,25,513
58,4,589
58,58,403
58,0,388
58,35,585
58,17,541
58,20,705
58,16,473
58,38,603
58,5,514
58,8,401
58,12,619
58,18,565
58,47,504
58,15,552
58,37,596
58,48,370
58,31,515
58,39,492
58,56,317
58,9,501
58,13,640
58,59,429
58,36,592
58,50,458
58,60,421
58,40,444
58,62,393
58,23,559
58,52,522
58,44,539
58,26,564
58,24,471
58,1,426
58,46,485
58,49,433
58,57,357
58,28,678
38,0,350
38,23,374
38,51,451
38,52,646
38,27,447
38,8,346
38,16,347
38,53,899
38,60,610
38,59,462
38,18,414
38,10,413
38,61,823
38,54,1144
38,5,364
38,29,459
38,38,643
38,47,854
38,50,412
38,40,367
38,11,393
38,1,361
38,46,858
38,22,374
38,26,397
38,19,434
38,36,508
38,17,410
38,41,389
38,13,383
38,63,1040
38,55,1087
38,45,778
38,48,361
38,39,642
38,2,375
38,12,392
38,20,394
38,33,347
38,31,457
38,32,395
38,56,302
38,49,358
38,42,408
38,9,386
38,34,423
38,14,373
38,44,602
38,58,367
38,43,451
38,3,395
38,25,402
38,15,344
38,4,339
38,6,347
38,62,1110
38,37,661
38,35,404
38,7,356
38,24,366
38,28,460
38,30,474
38,21,438
38,57,342
69,29,991
69,46,819
69,51,515
69,24,310
69,8,331
69,28,815
69,41,359
69,37,1116
69,27,628
69,39,808
69,34,478
69,49,369
69,30,952
69,22,689
69,32,336
69,38,1018
69,12,478
69,31,713
69,53,628
69,10,353
69,21,701
69,13,543
69,1,296
69,45,850
69,44,750
69,16,328
69,47,687
69,6,385
69,18,403
69,50,426
69,23,605
69,3,352
69,15,417
69,62,454
69,36,864
69,7,339
69,19,491
69,61,473
69,40,315
69,17,380
69,54,593
69,52,598
69,20,635
69,48,307
69,9,326
69,60,435
69,59,342
69,4,356
69,14,570
69,33,400
69,0,304
69,63,372
69,26,443
69,11,394
69,43,540
69,56,308
69,25,372
69,35,596
69,58,374
69,2,346
69,55,535
69,57,328
69,5,369
69,42,399
79,14,439
79,59,414
79,11,695
79,5,471
79,17,780
79,39,382
79,31,418
79,30,426
79,43,540
79,9,731
79,34,603
79,0,614
79,16,651
79,2,686
79,58,399
79,40,476
79,1,671
79,4,564
79,51,432
79,29,509
79,53,422
79,33,572
79,63,334
79,42,535
79,57,370
79,24,605
79,15,384
79,27,657
79,61,391
79,25,688
79,28,563
79,3,616
79,52,456
79,54,378
79,45,431
79,12,592
79,22,417
79,21,505
79,10,783
79,60,372
79,18,717
79,50,435
79,8,663
79,13,418
79,19,653
79,56,349
79,23,393
79,48,395
79,6,424
79,36,539
79,20,570
79,32,529
79,44,496
79,46,383
79,26,711
79,38,438
79,35,588
79,62,351
79,47,343
79,55,350
79,49,441
79,37,484
79,41,517
79,7,335
29,41,379
29,6,475
29,19,676
29,17,376
29,34,437
29,15,566
29,61,363
29,22,925
29,35,614
29,29,1220
29,9,334
29,63,306
29,13,796
29,23,712
29,58,367
29,43,478
29,10,407
29,48,339
29,37,923
29,14,715
29,33,352
29,12,686
29,26,506
29,27,699
29,5,565
29,2,351
29,39,608
29,38,825
29,62,368
29,1,324
29,11,502
29,49,346
29,30,1039
29,31,735
29,56,298
29,46,543
29,21,1171
29,4,490
29,32,336
29,25,387
29,60,346
29,40,339
29,47,467
29,36,860
29,20,986
29,7,414
29,28,998
29,54,417
29,44,531
29,24,354
29,8,340
29,51,378
29,50,386
29,45,634
29,55,317
29,57,325
29,52,374
29,16,342
29,42,398
29,53,481
29,18,460
29,3,376
29,0,295
29,59,349
49,3,661
49,20,527
49,28,569
49,11,729
49,37,398
49,13,448
49,8,857
49,26,674
49,54,405
49,33,566
49,0,754
49,21,444
49,48,353
49,2,736
49,49,428
49,43,471
49,10,833
49,24,626
49,6,355
49,25,650
49,18,711
49,23,388
49,38,433
49,31,347
49,47,393
49,59,364
49,57,360
49,22,423
49,52,420
49,5,391
49,1,763
49,9,927
49,35,539
49,7,339
49,40,470
49,53,407
49,41,491
49,39,379
49,50,421
49,45,404
49,29,421
49,51,373
49,32,540
49,44,430
49,16,757
49,17,835
49,46,400
49,34,555
49,19,672
49,42,434
49,58,347
49,55,385
49,30,389
49,12,581
49,36,469
49,4,497
49,63,333
49,27,616
49,61,327
49,15,384
49,56,309
49,62,397
49,60,328
49,14,403
9,39,379
9,30,389
9,63,315
9,20,619
9,58,405
9,21,552
9,47,383
9,38,394
9,18,707
9,9,637
9,43,475
9,27,645
9,29,474
9,52,391
9,3,660
9,0,671
9,1,678
9,40,547
9,44,446
9,10,707
9,54,368
9,26,658
9,60,365
9,12,591
9,57,367
9,46,416
9,11,674
9,17,657
9,2,664
9,13,545
9,56,423
9,62,366
9,32,595
9,35,581
9,25,630
9,33,606
9,59,374
9,34,561
9,42,517
9,23,392
9,51,406
9,22,433
9,15,397
9,41,536
9,37,462
9,16,662
9,6,422
9,5,538
9,28,596
9,53,383
9,48,429
9,49,439
9,31,381
9,7,376
9,36,551
9,19,629
9,24,677
9,61,345
9,4,580
9,8,664
9,50,427
9,55,351
9,45,435
9,14,448
59,18,547
59,32,1423
59,51,471
59,33,1360
59,10,372
59,27,503
59,48,823
59,5,331
59,61,338
59,41,1241
59,50,609
59,11,347
59,31,346
59,12,389
59,53,412
59,26,745
59,34,903
59,6,306
59,35,550
59,19,425
59,45,407
59,15,379
59,44,401
59,28,413
59,24,1041
59,40,1250
59,17,651
59,36,361
59,60,347
59,21,400
59,47,350
59,29,365
59,49,839
59,7,302
59,63,310
59,42,847
59,57,534
59,54,362
59,46,366
59,25,973
59,13,398
59,14,348
59,43,531
59,22,346
59,2,354
59,23,365
59,37,390
59,62,349
59,16,609
59,55,333
59,59,356
59,0,321
59,38,373
59,39,314
59,56,586
59,58,506
59,30,347
59,3,372
59,20,362
59,8,389
59,4,326
59,52,400
59,9,393
59,1,345
19,13,390
19,32,386
19,25,419
19,43,398
19,41,368
19,11,385
19,40,362
19,63,2138
19,5,353
19,17,373
19,58,325
19,50,371
19,4,381
19,51,372
19,14,364
19,47,794
19,1,363
19,49,358
19,54,1425
19,53,688
19,57,345
19,55,1762
19,15,325
19,56,281
19,18,384
19,61,808
19,21,350
19,37,385
19,34,366
19,46,690
19,45,450
19,36,398
19,59,330
19,12,375
19,28,397
19,22,392
19,9,401
19,62,1828
19,29,394
19,2,378
19,3,381
19,38,417
19,19,391
19,52,417
19,23,368
19,33,410
19,20,395
19,30,376
19,24,400
19,0,342
19,7,350
19,8,360
19,27,415
19,6,328
19,10,401
19,35,392
19,42,395
19,39,398
19,31,328
19,48,316
19,16,350
19,60,389
19,44,416
19,26,398
39,2,671
39,57,388
39,46,477
39,58,408
39,38,481
39,54,396
39,61,389
39,44,506
39,53,450
39,20,610
39,36,569
39,31,461
39,40,437
39,28,617
39,8,530
39,51,473
39,26,694
39,24,529
39,3,633
39,18,721
39,25,640
39,11,672
39,17,619
39,22,573
39,19,696
39,37,530
39,21,590
39,9,666
39,13,579
39,34,598
39,14,532
39,7,435
39,33,525
39,59,416
39,10,685
39,41,515
39,4,547
39,42,523
39,49,460
39,39,452
39,50,493
39,29,535
39,16,555
39,60,407
39,47,408
39,30,536
39,0,529
39,12,648
39,52,457
39,5,498
39,6,462
39,63,338
39,48,399
39,27,659
39,23,452
39,45,478
39,56,323
39,1,587
39,15,392
39,43,531
39,32,481
39,55,383
39,35,600
39,62,349
90,12,626
90,38,483
90,20,691
90,47,394
90,39,393
90,58,427
90,62,367
90,60,428
90,25,664
90,3,547
90,44,575
90,11,622
90,43,584
90,14,446
90,21,568
90,32,513
90,24,616
90,18,676
90,1,525
90,22,508
90,0,470
90,54,380
90,63,295
90,26,737
90,19,666
90,10,653
90,37,558
90,28,674
90,34,677
90,57,374
90,9,603
90,41,588
90,40,471
90,4,483
90,30,461
90,27,716
90,48,440
90,2,603
90,15,402
90,55,356
90,36,574
90,50,478
90,61,404
90,42,572
90,45,540
90,52,478
90,29,562
90,16,553
90,17,647
90,33,627
90,51,538
90,7,330
90,6,412
90,31,385
90,59,405
90,46,429
90,8,519
90,49,501
90,35,703
90,5,457
90,13,567
90,56,374
90,53,512
90,23,427
80,6,370
80,18,799
80,54,383
80,21,482
80,40,461
80,36,523
80,37,492
80,48,420
80,20,547
80,25,812
80,29,488
80,0,649
80,12,567
80,51,449
80,49,467
80,16,790
80,5,389
80,27,608
80,60,379
80,39,354
80,11,671
80,17,923
80,35,559
80,33,640
80,2,716
80,62,343
80,44,457
80,3,579
80,14,404
80,10,793
80,41,538
80,34,582
80,52,424
80,8,779
80,53,426
80,45,412
80,58,402
80,38,414
80,47,356
80,61,361
80,59,397
80,19,730
80,15,377
80,42,509
80,1,808
80,22,408
80,9,853
80,31,353
80,23,368
80,55,372
80,57,356
80,7,318
80,28,523
80,56,359
80,43,496
80,24,701
80,50,439
80,13,509
80,30,450
80,26,707
80,4,497
80,32,549
80,46,403
80,63,338
91,47,390
91,21,542
91,18,688
91,9,657
91,52,488
91,37,543
91,39,386
91,61,388
91,4,471
91,35,619
91,31,386
91,38,468
91,23,326
91,44,538
91,22,457
91,8,559
91,53,474
91,2,559
91,28,594
91,5,437
91,60,434
91,32,541
91,56,404
91,27,693
91,59,434
91,63,327
91,19,678
91,10,656
91,54,362
91,20,599
91,11,608
91,26,689
91,12,582
91,14,412
91,29,529
91,36,557
91,17,689
91,1,543
91,25,710
91,30,429
91,6,399
91,46,432
91,0,526
91,24,610
91,3,572
91,13,494
91,16,616
91,42,568
91,45,502
91,40,522
91,48,486
91,57,417
91,51,534
91,33,693
91,7,336
91,43,548
91,34,695
91,50,552
91,58,500
91,15,353
91,49,508
91,41,590
91,62,376
91,55,345
81,30,516
81,63,893
81,50,450
81,36,588
81,32,350
81,14,409
81,56,306
81,39,572
81,13,372
81,9,410
81,45,825
81,8,337
81,48,378
81,54,1082
81,29,482
81,43,548
81,5,350
81,58,399
81,35,477
81,25,396
81,16,375
81,41,404
81,59,545
81,55,935
81,27,488
81,62,972
81,57,327
81,11,403
81,61,842
81,52,676
81,23,383
81,24,371
81,46,913
81,21,409
81,12,459
81,53,920
81,26,450
81,34,390
81,17,432
81,6,365
81,60,658
81,1,367
81,4,375
81,18,410
81,40,413
81,38,643
81,20,435
81,28,469
81,19,400
81,51,558
81,15,378
81,44,668
81,37,667
81,10,357
81,33,439
81,22,398
81,0,363
81,47,751
81,3,382
81,31,478
81,2,384
81,42,479
81,49,400
81,7,336
92,6,761
92,36,511
92,31,579
92,17,446
92,16,376
92,41,418
92,13,881
92,61,361
92,14,843
92,21,801
92,0,394
92,7,682
92,42,392
92,37,563
92,57,368
92,30,673
92,20,726
92,19,600
92,32,393
92,33,395
92,23,724
92,53,404
92,35,523
92,15,763
92,46,461
92,62,366
92,27,549
92,9,394
92,28,634
92,4,677
92,43,449
92,47,379
92,25,434
92,26,473
92,49,368
92,5,762
92,54,376
92,44,457
92,1,394
92,34,448
92,50,408
92,56,314
92,51,406
92,24,376
92,63,342
92,39,492
92,59,415
92,12,735
92,55,360
92,40,374
92,22,805
92,8,389
92,11,577
92,3,572
92,2,447
92,29,687
92,18,537
92,58,350
92,10,472
92,52,422
92,38,527
92,45,484
92,60,372
92,48,355
82,37,362
82,10,1117
82,1,1817
82,63,305
82,33,357
82,26,520
82,2,1185
82,15,336
82,13,343
82,16,957
82,57,333
82,56,266
82,35,376
82,14,349
82,11,681
82,18,749
82,7,271
82,62,335
82,31,350
82,45,399
82,12,390
82,4,367
82,50,330
82,51,426
82,9,1622
82,49,370
82,8,1524
82,52,361
82,17,1026
82,34,418
82,28,403
82,40,338
82,0,1703
82,61,359
82,47,339
82,39,346
82,23,343
82,48,321
82,54,376
82,58,369
82,53,352
82,59,371
82,44,377
82,24,499
82,25,577
82,41,346
82,19,499
82,30,379
82,5,319
82,38,345
82,42,369
82,60,386
82,55,354
82,22,378
82,27,400
82,29,381
82,20,394
82,36,371
82,6,306
82,32,365
82,46,355
82,3,620
82,21,397
82,43,403
93,14,1621
93,54,328
93,58,324
93,5,601
93,30,706
93,7,1454
93,13,753
93,21,625
93,25,348
93,6,1187
93,17,395
93,38,398
93,23,1670
93,22,1326
93,39,346
93,0,306
93,63,294
93,31,808
93,1,327
93,36,392
93,18,356
93,26,352
93,57,327
93,8,320
93,29,445
93,45,369
93,56,317
93,9,348
93,37,388
93,2,313
93,50,413
93,10,391
93,40,356
93,35,361
93,42,384
93,15,2118
93,33,408
93,59,308
93,4,387
93,61,328
93,34,389
93,47,306
93,43,386
93,16,331
93,53,363
93,12,416
93,55,303
93,49,343
93,20,419
93,41,382
93,19,401
93,44,373
93,24,344
93,3,349
93,48,335
93,11,361
93,62,320
93,32,386
93,46,346
93,28,402
93,60,360
93,52,344
93,51,329
93,27,390
83,38,682
83,56,319
83,13,679
83,35,627
83,61,441
83,5,543
83,59,427
83,11,597
83,42,485
83,48,372
83,25,474
83,62,459
83,53,556
83,15,548
83,22,671
83,27,597
83,63,402
83,18,522
83,21,692
83,33,434
83,30,760
83,54,550
83,1,344
83,29,803
83,14,642
83,46,618
83,41,435
83,40,382
83,23,590
83,51,460
83,58,387
83,24,391
83,45,615
83,37,724
83,19,583
83,17,459
83,44,623
83,34,491
83,36,598
83,20,716
83,52,532
83,16,378
83,10,472
83,4,541
83,26,552
83,43,572
83,6,504
83,55,478
83,50,455
83,2,462
83,12,621
83,9,419
83,57,352
83,28,651
83,8,346
83,39,590
83,60,489
83,7,474
83,0,299
83,31,653
83,47,569
83,32,372
83,3,469
83,49,415
94,36,809
94,50,393
94,46,1172
94,20,383
94,63,624
94,5,320
94,44,1048
94,48,316
94,16,341
94,7,323
94,58,346
94,45,1502
94,28,527
94,56,309
94,17,338
94,29,587
94,6,358
94,3,365
94,62,784
94,51,604
94,13,397
94,23,338
94,35,506
94,27,391
94,57,339
94,47,766
94,55,793
94,39,610
94,53,1303
94,43,663
94,60,716
94,14,347
94,49,350
94,9,332
94,11,348
94,10,368
94,61,858
94,52,994
94,38,848
94,1,320
94,31,411
94,54,1177
94,24,343
94,2,337
94,42,412
94,8,311
94,26,352
94,22,353
94,32,345
94,59,484
94,37,952
94,33,368
94,18,356
94,12,315
94,40,302
94,41,365
94,25,345
94,4,335
94,21,376
94,30,547
94,34,382
94,0,309
94,19,337
94,15,311
84,16,383
84,21,545
84,54,702
84,43,637
84,42,592
84,19,513
84,15,419
84,62,620
84,11,420
84,55,623
84,32,460
84,37,677
84,60,636
84,18,482
84,20,513
84,2,388
84,9,403
84,49,496
84,45,742
84,12,487
84,25,460
84,24,407
84,13,489
84,52,757
84,29,584
84,26,482
84,6,425
84,36,649
84,53,715
84,61,618
84,51,633
84,46,694
84,38,688
84,33,517
84,30,559
84,0,351
84,56,388
84,63,513
84,31,503
84,35,592
84,22,485
84,59,552
84,39,524
84,48,452
84,47,579
84,40,444
84,17,453
84,27,569
84,4,417
84,28,612
84,44,736
84,14,429
84,1,353
84,34,560
84,50,627
84,23,436
84,58,477
84,10,436
84,57,454
84,7,300
84,8,358
84,3,400
84,5,427
84,41,534
95,17,1003
95,29,376
95,26,643
95,8,1244
95,2,1005
95,21,408
95,24,620
95,23,335
95,0,1080
95,32,473
95,42,393
95,1,1208
95,11,786
95,52,414
95,39,303
95,33,525
95,10,1031
95,25,681
95,12,484
95,7,295
95,40,333
95,9,1272
95,60,373
95,49,361
95,18,825
95,46,338
95,44,404
95,45,408
95,55,370
95,35,429
95,15,325
95,34,488
95,14,366
95,51,369
95,37,412
95,22,337
95,43,409
95,53,389
95,13,405
95,48,337
95,56,317
95,16,853
95,54,376
95,36,385
95,61,359
95,5,334
95,28,430
95,30,377
95,19,660
95,59,386
95,50,379
95,20,495
95,62,331
95,3,721
95,58,358
95,27,555
95,63,295
95,6,327
95,47,376
95,38,385
95,4,473
95,41,383
95,31,345
95,57,341
85,17,581
85,21,736
85,14,604
85,36,538
85,22,624
85,16,456
85,15,553
85,18,651
85,26,555
85,56,317
85,35,514
85,19,699
85,40,380
85,3,700
85,39,405
85,20,762
85,29,604
85,2,653
85,9,593
85,48,365
85,23,553
85,54,370
85,28,655
85,42,453
85,51,456
85,61,361
85,62,327
85,49,364
85,8,469
85,58,372
85,13,756
85,46,430
85,6,642
85,45,480
85,38,516
85,32,412
85,37,540
85,10,703
85,31,458
85,1,475
85,57,339
85,60,381
85,5,716
85,27,636
85,12,843
85,53,434
85,55,320
85,63,307
85,44,504
85,43,495
85,30,598
85,59,380
85,11,786
85,24,464
85,4,722
85,50,375
85,7,482
85,47,409
85,41,415
85,33,476
85,0,412
85,25,503
85,34,483
85,52,461
96,41,695
96,36,552
96,2,395
96,45,566
96,42,755
96,24,589
96,10,528
96,55,385
96,16,482
96,52,602
96,14,380
96,30,462
96,15,352
96,59,598
96,43,701
96,18,572
96,8,448
96,34,688
96,20,519
96,4,392
96,32,659
96,60,487
96,26,611
96,39,417
96,44,633
96,19,498
96,53,488
96,35,587
96,12,455
96,46,462
96,23,380
96,50,693
96,40,658
96,61,429
96,49,666
96,25,622
96,58,597
96,51,631
96,47,378
96,33,593
96,57,576
96,27,655
96,48,670
96,1,405
96,29,475
96,5,388
96,38,474
96,56,558
96,6,333
96,63,307
96,17,517
96,22,426
96,3,419
96,11,519
96,0,371
96,54,446
96,7,314
96,37,498
96,13,401
96,28,561
96,9,501
96,21,456
96,31,380
96,62,410
86,5,370
86,4,429
86,25,558
86,34,711
86,40,858
86,29,441
86,26,589
86,31,373
86,44,522
86,39,351
86,48,917
86,51,760
86,50,872
86,58,763
86,33,675
86,3,394
86,49,977
86,38,397
86,37,455
86,10,365
86,19,387
86,53,346
86,61,367
86,45,414
86,57,875
86,54,352
86,18,475
86,8,333
86,14,411
86,43,741
86,30,414
86,32,704
86,60,478
86,22,412
86,63,348
86,56,841
86,42,844
86,24,526
86,0,306
86,47,394
86,62,346
86,20,424
86,6,351
86,35,631
86,13,365
86,7,349
86,17,476
86,27,488
86,9,383
86,1,319
86,15,367
86,52,553
86,11,402
86,41,864
86,59,611
86,28,403
86,46,428
86,16,445
86,2,362
86,23,392
86,36,486
86,12,393
86,21,412
86,55,382
87,52,459
87,62,334
87,29,523
87,34,624
87,37,472
87,12,602
87,0,554
87,27,705
87,23,374
87,28,570
87,11,689
87,35,575
87,44,479
87,32,512
87,8,620
87,17,786
87,59,379
87,41,539
87,19,754
87,18,860
87,9,746
87,53,401
87,33,631
87,42,535
87,10,802
87,22,480
87,40,458
87,25,729
87,48,404
87,21,535
87,26,729
87,3,596
87,57,376
87,38,456
87,51,454
87,49,468
87,15,333
87,16,680
87,47,353
87,58,413
87,46,407
87,45,506
87,20,615
87,60,363
87,4,529
87,31,375
87,30,468
87,24,618
87,2,651
87,56,337
87,36,607
87,50,430
87,43,534
87,54,384
87,13,479
87,39,326
87,1,665
87,55,377
87,63,327
87,14,452
87,6,386
87,61,375
87,5,448
87,7,335
97,45,402
97,0,714
97,61,303
97,28,375
97,16,1247
97,18,878
97,7,315
97,63,333
97,43,422
97,25,1151
97,36,396
97,46,389
97,17,1215
97,24,1157
97,51,362
97,42,473
97,56,337
97,55,365
97,54,383
97,52,375
97,4,386
97,23,383
97,26,760
97,47,375
97,32,771
97,62,363
97,27,528
97,34,620
97,41,529
97,40,558
97,10,744
97,49,345
97,38,374
97,39,361
97,5,346
97,53,389
97,37,381
97,9,963
97,35,490
97,13,359
97,11,498
97,20,424
97,2,524
97,8,1002
97,15,385
97,58,348
97,14,355
97,44,397
97,12,421
97,21,392
97,29,373
97,59,359
97,22,380
97,31,386
97,33,782
97,30,384
97,1,711
97,6,336
97,60,359
97,50,377
97,19,559
97,3,390
97,48,338
97,57,342
88,41,407
88,7,1807
88,23,1217
88,60,374
88,47,341
88,29,431
88,14,1616
88,6,1522
88,58,318
88,22,1055
88,31,611
88,46,347
88,42,382
88,36,381
88,43,334
88,15,1811
88,37,399
88,12,498
88,11,381
88,28,373
88,5,862
88,21,680
88,27,343
88,38,362
88,63,282
88,57,359
88,19,380
88,4,496
88,49,365
88,30,605
88,2,330
88,13,839
88,40,386
88,45,409
88,9,370
88,50,372
88,17,390
88,61,330
88,0,306
88,56,315
88,16,351
88,44,380
88,20,415
88,33,393
88,62,359
88,52,399
88,26,383
88,34,425
88,48,329
88,53,379
88,32,364
88,55,310
88,39,311
88,1,317
88,25,383
88,35,392
88,54,314
88,18,379
88,3,362
88,59,375
88,24,366
88,8,336
88,51,386
88,10,370
98,46,376
98,44,616
98,7,354
98,30,353
98,52,717
98,53,458
98,40,606
98,43,822
98,57,962
98,49,988
98,51,1080
98,20,431
98,37,410
98,48,699
98,14,384
98,22,349
98,59,1080
98,50,1197
98,36,413
98,58,1231
98,32,387
98,39,324
98,33,486
98,41,783
98,4,375
98,45,456
98,9,350
98,63,327
98,26,426
98,27,406
98,21,395
98,29,371
98,15,320
98,1,342
98,42,868
98,25,382
98,16,335
98,35,522
98,56,731
98,13,389
98,60,722
98,31,359
98,2,409
98,12,406
98,18,375
98,54,347
98,6,321
98,23,360
98,8,367
98,61,506
98,19,395
98,28,396
98,55,307
98,0,309
98,34,541
98,10,408
98,24,359
98,47,340
98,38,345
98,3,395
98,62,292
98,11,374
98,5,380
98,17,341
99,24,476
99,62,364
99,37,474
99,3,746
99,26,687
99,55,385
99,20,737
99,52,469
99,46,414
99,56,345
99,33,460
99,39,367
99,9,657
99,61,397
99,7,417
99,18,712
99,6,536
99,25,571
99,59,395
99,19,798
99,10,759
99,11,804
99,17,583
99,35,543
99,63,346
99,40,342
99,44,400
99,49,394
99,36,524
99,5,643
99,14,579
99,38,437
99,2,701
99,4,728
99,34,561
99,28,654
99,16,519
99,42,442
99,29,591
99,1,645
99,53,411
99,50,393
99,58,399
99,23,466
99,32,384
99,54,380
99,13,630
99,57,379
99,45,448
99,31,437
99,12,767
99,43,456
99,8,571
99,27,656
99,15,454
99,51,401
99,60,384
99,47,336
99,0,479
99,30,550
99,41,405
99,48,336
99,21,622
99,22,550
89,38,344
89,55,332
89,25,411
89,41,635
89,56,652
89,27,392
89,30,369
89,47,364
89,2,358
89,13,400
89,59,1440
89,23,330
89,9,394
89,58,1642
89,42,783
89,48,599
89,57,1056
89,22,367
89,44,509
89,62,307
89,11,387
89,7,356
89,29,395
89,24,367
89,4,369
89,50,1434
89,5,372
89,61,500
89,15,334
89,0,331
89,51,1252
89,1,360
89,49,999
89,40,433
89,43,770
89,63,271
89,12,383
89,52,781
89,8,365
89,10,371
89,21,408
89,60,834
89,33,371
89,53,421
89,19,405
89,39,372
89,20,385
89,35,403
89,28,386
89,46,375
89,36,397
89,26,413
89,6,322
89,18,418
89,37,409
89,32,402
89,17,360
89,14,342
89,31,375
89,45,372
89,54,334
89,16,354
89,34,442
89,3,376
